0.814723686393179
0.905791937075619
0.126986816293506
0.913375856139019
0.632359246225410
0.0975404049994095
0.278498218867048
0.546881519204984
0.957506835434298
0.964888535199277
0.157613081677548
0.970592781760616
0.957166948242946
0.485375648722841
0.800280468888800
0.141886338627215
0.421761282626275
0.915735525189067
0.792207329559554
0.959492426392903
0.655740699156587
0.0357116785741896
0.849129305868777
0.933993247757551
0.678735154857774
0.757740130578333
0.743132468124916
0.392227019534168
0.655477890177557
0.171186687811562
0.706046088019609
0.0318328463774207
0.276922984960890
0.0461713906311539
0.0971317812358475
0.823457828327293
0.694828622975817
0.317099480060861
0.950222048838355
0.0344460805029088
0.438744359656398
0.381558457093008
0.765516788149002
0.795199901137063
0.186872604554379
0.489764395788231
0.445586200710900
0.646313010111265
0.709364830858073
0.754686681982361
0.276025076998578
0.679702676853675
0.655098003973841
0.162611735194631
0.118997681558377
0.498364051982143
0.959743958516081
0.340385726666133
0.585267750979777
0.223811939491137
0.751267059305653
0.255095115459269
0.505957051665142
0.699076722656686
0.890903252535799
0.959291425205444
0.547215529963803
0.138624442828679
0.149294005559057
0.257508254123736
0.840717255983663
0.254282178971531
0.814284826068816
0.243524968724989
0.929263623187228
0.349983765984809
0.196595250431208
0.251083857976031
0.616044676146639
0.473288848902729
0.351659507062997
0.830828627896291
0.585264091152724
0.549723608291140
0.917193663829810
0.285839018820374
0.757200229110721
0.753729094278495
0.380445846975357
0.567821640725221
0.0758542895630636
0.0539501186666072
0.530797553008973
0.779167230102011
0.934010684229183
0.129906208473730
0.568823660872193
0.469390641058206
0.0119020695012414
0.337122644398882
0.162182308193243
0.794284540683907
0.311215042044805
0.528533135506213
0.165648729499781
0.601981941401637
0.262971284540144
0.654079098476782
0.689214503140008
0.748151592823710
0.450541598502498
0.0838213779969326
0.228976968716819
0.913337361501670
0.152378018969223
0.825816977489547
0.538342435260057
0.996134716626886
0.0781755287531837
0.442678269775446
0.106652770180584
0.961898080855054
0.00463422413406744
0.774910464711502
0.817303220653433
0.868694705363510
0.0844358455109103
0.399782649098897
0.259870402850654
0.800068480224308
0.431413827463545
0.910647594429523
0.181847028302853
0.263802916521990
0.145538980384717
0.136068558708664
0.869292207640089
0.579704587365570
0.549860201836332
0.144954798223727
0.853031117721894
0.622055131485066
0.350952380892271
0.513249539867053
0.401808033751942
0.0759666916908419
0.239916153553658
0.123318934835166
0.183907788282417
0.239952525664903
0.417267069084370
0.0496544303257421
0.902716109915281
0.944787189721646
0.490864092468080
0.489252638400019
0.337719409821377
0.900053846417662
0.369246781120215
0.111202755293787
0.780252068321138
0.389738836961253
0.241691285913833
0.403912145588115
0.0964545251683886
0.131973292606335
0.942050590775485
0.956134540229802
0.575208595078466
0.0597795429471558
0.234779913372406
0.353158571222071
0.821194040197959
0.0154034376515551
0.0430238016578078
0.168990029462704
0.649115474956452
0.731722385658670
0.647745963136307
0.450923706430945
0.547008892286345
0.296320805607773
0.744692807074156
0.188955015032545
0.686775433365315
0.183511155737270
0.368484596490337
0.625618560729690
0.780227435151377
0.0811257688657853
0.929385970968730
0.775712678608402
0.486791632403172
0.435858588580919
0.446783749429806
0.306349472016557
0.508508655381127
0.510771564172110
0.817627708322262
0.794831416883453
0.644318130193692
0.378609382660268
0.811580458282477
0.532825588799455
0.350727103576883
0.939001561999887
0.875942811492984
0.550156342898422
0.622475086001228
0.587044704531417
0.207742292733028
0.301246330279491
0.470923348517591
0.230488160211559
0.844308792695389
0.194764289567049
0.225921780972399
0.170708047147859
0.227664297816554
0.435698684103899
0.311102286650413
0.923379642103244
0.430207391329584
0.184816320124136
0.904880968679893
0.979748378356085
0.438869973126103
0.111119223440599
0.258064695912067
0.408719846112552
0.594896074008614
0.262211747780845
0.602843089382083
0.711215780433683
0.221746734017240
0.117417650855806
0.296675873218327
0.318778301925882
0.424166759713807
0.507858284661118
0.0855157970900440
0.262482234698333
0.801014622769739
0.0292202775621463
0.928854139478045
0.730330862855453
0.488608973803579
0.578525061023439
0.237283579771521
0.458848828179931
0.963088539286913
0.546805718738968
0.521135830804002
0.231594386708524
0.488897743920167
0.624060088173690
0.679135540865748
0.395515215668593
0.367436648544477
0.987982003161633
0.0377388662395521
0.885168008202475
0.913286827639239
0.796183873585212
0.0987122786555743
0.261871183870716
0.335356839962797
0.679727951377338
0.136553137355370
0.721227498581740
0.106761861607241
0.653757348668560
0.494173936639270
0.779051723231275
0.715037078400694
0.903720560556316
0.890922504330789
0.334163052737496
0.698745832334795
0.197809826685929
0.0305409463046367
0.744074260367462
0.500022435590201
0.479922141146060
0.904722238067363
0.609866648422558
0.617666389588455
0.859442305646212
0.805489424529686
0.576721515614685
0.182922469414914
0.239932010568717
0.886511933076101
0.0286741524641061
0.489901388512224
0.167927145682257
0.978680649641159
0.712694471678914
0.500471624154843
0.471088374541939
0.0596188675796392
0.681971904149063
0.0424311375007417
0.0714454646006424
0.521649842464284
0.0967300257808670
0.818148553859625
0.817547092079286
0.722439592366842
0.149865442477967
0.659605252908307
0.518594942510538
0.972974554763863
0.648991492712356
0.800330575352402
0.453797708726920
0.432391503783462
0.825313795402046
0.0834698148589140
0.133171007607162
0.173388613119006
0.390937802323736
0.831379742839070
0.803364391602440
0.0604711791698936
0.399257770613576
0.526875830508296
0.416799467930787
0.656859890973707
0.627973359190104
0.291984079961715
0.431651170248720
0.0154871256360190
0.984063724379154
0.167168409914656
0.106216344928664
0.372409740055537
0.198118402542975
0.489687638016024
0.339493413390758
0.951630464777727
0.920332039836564
0.0526769976807926
0.737858095516997
0.269119426398556
0.422835615008808
0.547870901214845
0.942736984276934
0.417744104316662
0.983052466469856
0.301454948712065
0.701098755900926
0.666338851584426
0.539126465042857
0.698105520180308
0.666527913402587
0.178132454400338
0.128014399720173
0.999080394761361
0.171121066356432
0.0326008205305280
0.561199792709660
0.881866500451810
0.669175304534394
0.190433267179954
0.368916546063895
0.460725937260412
0.981637950970750
0.156404952226563
0.855522805845911
0.644764536870088
0.376272210278832
0.190923695236303
0.428252992979386
0.482022061031856
0.120611613297162
0.589507484695059
0.226187679752676
0.384619124369411
0.582986382747674
0.251806122472313
0.290440664276979
0.617090884393223
0.265280909810029
0.824376266688835
0.982663399721950
0.730248792267598
0.343877004114983
0.584069333278452
0.107769015243743
0.906308150649733
0.879653724481905
0.817760559370642
0.260727999055465
0.594356250664331
0.0225125927402318
0.425259320214135
0.312718886820616
0.161484744311750
0.178766186752368
0.422885689100085
0.0942293388877347
0.598523668756741
0.470924256358334
0.695949313301608
0.699887849928292
0.638530758271838
0.0336038360664295
0.0688060991180512
0.319599735180496
0.530864280694127
0.654445707757066
0.407619197041153
0.819981222781941
0.718358943205884
0.968649330231094
0.531333906565675
0.325145681820560
0.105629203329022
0.610958658746201
0.778802241824093
0.423452918962738
0.0908232857874395
0.266471490779072
0.153656717591307
0.281005302533871
0.440085139001721
0.527142741760652
0.457424365687674
0.875371598604185
0.518052108361104
0.943622624548388
0.637709098072174
0.957693939841583
0.240707035480160
0.676122303863752
0.289064571674477
0.671808165414215
0.695140499551737
0.0679927684700106
0.254790156597005
0.224040030824219
0.667832727013717
0.844392156527205
0.344462411301042
0.780519652731358
0.675332065747000
0.00671531431847749
0.602170487581795
0.386771194520985
0.915991244131425
0.00115105712910724
0.462449159242329
0.424349039815375
0.460916366028964
0.770159728608609
0.322471807186779
0.784739294760742
0.471357153710612
0.0357627332691179
0.175874415683531
0.721758033391102
0.473485992965320
0.152721200438232
0.341124607049109
0.607389213768347
0.191745255461798
0.738426839976942
0.242849598318169
0.917424342049382
0.269061586686018
0.765500016621438
0.188661976791491
0.287498173066131
0.0911134636865350
0.576209380663007
0.683363243294653
0.546593114590323
0.425728841871188
0.644442781431337
0.647617630172684
0.679016754093202
0.635786710514084
0.945174113109401
0.208934922426023
0.709281702710545
0.236230576993797
0.119396247797306
0.607303940685635
0.450137696965896
0.458725493648868
0.661944751905652
0.770285514803660
0.350218013441105
0.662009598359135
0.416158589969797
0.841929152691309
0.832916819075216
0.256440992229147
0.613460736812875
0.582249164527227
0.540739337124410
0.869941032358007
0.264779026475630
0.318074075481059
0.119214541054191
0.939829470344921
0.645551874972524
0.479463224948888
0.639316961040108
0.544716110526763
0.647311480293128
0.543885933999639
0.721046620579811
0.522495305777102
0.993704624120852
0.218676632399634
0.105798273250228
0.109697464523194
0.0635913709751057
0.404579995857626
0.448372912066495
0.365816176838171
0.763504640848813
0.627896379614169
0.771980385554245
0.932853570278820
0.972740854003014
0.192028349427775
0.138874202829155
0.696266337082995
0.0938200267748656
0.525404403859336
0.530344218392863
0.861139811393332
0.484853333552102
0.393456361215266
0.671431139674026
0.741257943454207
0.520052467390387
0.347712671277525
0.149997253831683
0.586092067231462
0.262145317727807
0.0444540922782385
0.754933267231179
0.242785357820962
0.442402313001943
0.687796085120107
0.359228210401861
0.736340074301202
0.394707475278763
0.683415866967978
0.704047430334266
0.442305413383371
0.0195776235533187
0.330857880214071
0.424309496833137
0.270270423432065
0.197053798095456
0.821721184961310
0.429921409383266
0.887770954256354
0.391182995461163
0.769114387388296
0.396791517013617
0.808514095887345
0.755077099007084
0.377395544835103
0.216018915961394
0.790407217966913
0.949303911849797
0.327565434075205
0.671264370451740
0.438644982586956
0.833500595588975
0.768854252429615
0.167253545494722
0.861980478702072
0.989872153631504
0.514423456505704
0.884281023126955
0.588026055308498
0.154752348656045
0.199862822857452
0.406954837138907
0.748705718215691
0.825583815786156
0.789963029944531
0.318524245398992
0.534064127370726
0.0899506787705811
0.111705744193203
0.136292548938299
0.678652304800188
0.495177019089661
0.189710406017580
0.495005824990221
0.147608221976689
0.0549741469061882
0.850712674289007
0.560559527354885
0.929608866756663
0.696667200555228
0.582790965175840
0.815397211477421
0.879013904597178
0.988911616079589
0.000522375356944771
0.865438591013025
0.612566469483999
0.989950205708831
0.527680069338442
0.479523385210219
0.801347605521952
0.227842935706042
0.498094291196390
0.900852488532005
0.574661219130188
0.845178185054037
0.738640291995402
0.585987035826476
0.246734525985975
0.666416217319468
0.0834828136026227
0.625959785171583
0.660944557947342
0.729751855317221
0.890752116325322
0.982303222883606
0.769029085335896
0.581446487875398
0.928313062314188
0.580090365758442
0.0169829383372613
0.120859571098558
0.862710718699670
0.484296511212103
0.844855674576263
0.209405084020935
0.552291341538775
0.629883385064421
0.0319910157625669
0.614713419117141
0.362411462273053
0.0495325790420612
0.489569989177322
0.192510396062075
0.123083747545945
0.205494170907680
0.146514910614890
0.189072174472614
0.0426524109111434
0.635197916859882
0.281866855880430
0.538596678045340
0.695163039444332
0.499116013482590
0.535801055751113
0.445183165296042
0.123932277598070
0.490357293468018
0.852998155340816
0.873927405861733
0.270294332292698
0.208461358751314
0.564979570738201
0.640311825162758
0.417028951642886
0.205975515532243
0.947933121293169
0.0820712070977259
0.105709426581721
0.142041121903998
0.166460440876421
0.620958643935308
0.573709764841198
0.0520778902858696
0.931201384608250
0.728661681678271
0.737841653797590
0.0634045006928182
0.860440563038232
0.934405118961213
0.984398312240972
0.858938816683866
0.785558989265031
0.513377418587575
0.177602460505865
0.398589496735843
0.133931250987971
0.0308895487449515
0.939141706069548
0.301306064586392
0.295533834475356
0.332936281836175
0.467068187028852
0.648198406466157
0.0252281814930363
0.842206612419335
0.559032544988695
0.854099949273443
0.347879194327261
0.446026648055103
0.0542394844411296
0.177107533789109
0.662808061960974
0.330828995203305
0.898486137834300
0.118155198446711
0.988417928784981
0.539982099037929
0.706917419322763
0.999491620097705
0.287849344815137
0.414522538893108
0.464839941625137
0.763957078491957
0.818204038907671
0.100221540195492
0.178116953886766
0.359634913482080
0.0567046890682912
0.521885673661279
0.335848974676925
0.175669029675661
0.208946673993135
0.905153559004464
0.675391177336247
0.468468199903997
0.912132474239623
0.104011574779379
0.745546073701717
0.736267455596639
0.561861425281637
0.184194097515527
0.597211350337855
0.299936990089789
0.134122932828682
0.212601533358843
0.894941675440814
0.0714528127870445
0.242486558936719
0.0537543922087138
0.441722057064424
0.0132832004672525
0.897191350973572
0.196658191367632
0.0933705167550930
0.307366899587920
0.456057666843742
0.101669393624755
0.995389727655092
0.332092833452499
0.297346815887922
0.0620452213196326
0.298243971887764
0.0463512648981808
0.505428142457703
0.761425886690113
0.631069999213594
0.0898916507760917
0.0808624231303137
0.777240536548943
0.905134744223571
0.533771951767000
0.109154212042459
0.825808857855598
0.338097718802172
0.293973053026484
0.746313427703679
0.0103366183433964
0.0484473392532221
0.667916121573624
0.603467983830770
0.526102465795561
0.729709448223228
0.707253485315422
0.781377051799277
0.287976975614171
0.692531986386519
0.556669834964013
0.396520792581593
0.0615906670539647
0.780175531491174
0.337583864052045
0.607865907262946
0.741254049502218
0.104813241973500
0.127888379782995
0.549540107015198
0.485229408584959
0.890475679184438
0.798960278812879
0.734341083695970
0.0513318861123711
0.0728852990989761
0.0885274596747204
0.798350864113952
0.943008139570703
0.683715572408358
0.132082955713563
0.722724539656766
0.110353480642349
0.117492852151833
0.640717922965926
0.328814214756803
0.653812022595774
0.749131463103519
0.583185731454876
0.740032327987778
0.234826914747904
0.734957541696052
0.970598525086615
0.866930291751916
0.0862345298634963
0.366436616319199
0.369198804330018
0.685028472661609
0.597941635383889
0.789363943641905
0.367652918437877
0.206027859505195
0.0866665473955323
0.771933917099107
0.205674521464760
0.388271631047802
0.551778531957228
0.228953252023100
0.641940620399187
0.484480372398180
0.151845525116267
0.781931966588002
0.100606322362422
0.294066333758628
0.237373019705579
0.530872257027928
0.0914987313394122
0.405315419880591
0.104846247115757
0.112283962156027
0.784427890743913
0.291570317906931
0.603533438750887
0.964422667215901
0.432484993970361
0.694752194617940
0.758099275289454
0.432642326147101
0.655498039803537
0.109755050723052
0.933759848385332
0.187460806421687
0.266178838907639
0.797830260211597
0.487603775433924
0.768958264058869
0.396006745217875
0.272938794123691
0.0372346340703280
0.673294914108653
0.429564459251853
0.451739234904736
0.609857169290216
0.0594032968582772
0.315811438338866
0.772722130862935
0.696432989006095
0.125332181109180
0.130151450389424
0.0923523387192016
0.00782029356933489
0.423109385164167
0.655573174937914
0.722922524692024
0.531209293582439
0.108817938273045
0.631766373528489
0.126499865329303
0.134303304313575
0.0985940927109977
0.142027248431928
0.168251298491528
0.196248922256955
0.317479775149435
0.316428999146291
0.217563309422821
0.251041846015736
0.892922405285977
0.703223224556291
0.555737942719387
0.184433667757653
0.212030842532321
0.0773468081126768
0.913800410779568
0.706715217696931
0.557788966754876
0.313428989936591
0.166203562902151
0.622497259279895
0.987934734952495
0.170432023056883
0.257792250572013
0.396799318633144
0.0739947695769380
0.684096066962009
0.402388332696162
0.982835201393951
0.402183985222485
0.620671947199578
0.154369805479272
0.381345204444472
0.161133971849361
0.758112431327419
0.871111121915389
0.350776744885893
0.685535708747537
0.294148633767850
0.530629303856886
0.832423386285184
0.597490191872579
0.335311330705246
0.299225023333107
0.452592541569324
0.422645653220462
0.359606317972236
0.558319199869297
0.742545365701939
0.424334783625691
0.429355788576205
0.124872758719813
0.0244340160503740
0.290185265130727
0.317520582899226
0.653690133966475
0.956935924070684
0.935730872784880
0.457886333854367
0.240478396832085
0.763897944286478
0.759327383131096
0.740648064978614
0.743688341487326
0.105920416732765
0.681560430470316
0.463260578593719
0.212163205254934
0.0985187376881084
0.823574473927839
0.175009737382080
0.163569909784993
0.665987216411111
0.894389375354243
0.516558208351270
0.702702306950475
0.153590376619400
0.953457069886248
0.540884081241477
0.679733898210467
0.0365630180484529
0.809203851293793
0.748618871776197
0.120187017987081
0.525045164762609
0.325833628763249
0.546449439903069
0.398880752383199
0.415093386613047
0.180737760254794
0.255386740488051
0.0205357746581846
0.923675612620407
0.653699889008253
0.932613572048564
0.163512368527526
0.921097255892198
0.794657885388753
0.577394196706649
0.440035595760254
0.257613736712438
0.751946393867450
0.228669482105501
0.0641870873918986
0.767329510776574
0.671202185356536
0.715212514785840
0.642060828433852
0.419048293624883
0.390762082204175
0.816140102875323
0.317427863655850
0.814539772900651
0.789073514938958
0.852263890343846
0.505636617571756
0.635661388861377
0.950894415378135
0.443964155018810
0.0600188197794760
0.866749896999319